1	1	2	3	8	12
1	2	3	10	11	14
0	1	2	11
0	7	9	11
0	5	12	13
0	1	2	14
1	2	3	4	13	14
0	11	12	14
0	1	8	9
1	1	3	5	11	12
0	7	9	14
0	1	7	8
0	5	10	12
1	2	3	4	5	10
0	4	6	14
0	7	10	14
1	1	2	7	10	12
0	1	2	5
0	5	8	14
1	3	4	8	12	13
1	5	6	9	12	14
0	6	10	11
0	2	6	12
0	1	6	8
0	9	13	14
1	2	5	6	7	8
0	2	4	11
1	1	5	8	11	13
1	1	8	10	11	14
1	1	4	5	8	10
1	2	3	5	11	13
0	4	5	6
0	7	13	14
1	1	2	4	12	13
0	5	9	13
0	5	10	11
0	1	9	12
0	2	4	8
0	4	5	9
0	6	10	14
0	7	9	13
1	2	5	10	13	14
0	1	6	9
1	3	4	6	8	10
0	6	11	13
0	5	7	13
0	1	4	7
0	6	13	14
0	3	4	11
1	1	4	8	13	14
0	3	7	11
0	6	7	10
0	1	10	13
0	9	10	11
0	1	3	9
0	1	3	10
0	4	9	13
0	6	8	12
0	3	8	11
0	3	5	8
0	4	5	12
1	4	6	7	9	12
1	1	3	5	6	7
1	6	9	10	12	13
0	4	10	12
0	2	3	12
0	5	7	10
0	2	8	13
0	5	7	9
0	4	10	14
1	4	5	7	11	14
1	1	2	6	7	13
0	1	2	9
0	4	6	13
0	1	5	14
0	6	7	14
0	1	7	11
0	5	9	11
0	5	6	13
0	6	8	9
0	2	8	10
0	9	11	14
0	3	4	7
0	2	9	12
0	4	12	14
0	1	6	12
0	1	8	12
0	8	9	12
0	1	3	13
0	2	6	9
0	12	13	14
0	1	4	11
1	4	6	9	11	12
0	2	3	9
1	1	2	4	6	10
0	11	12	13
0	4	9	14
0	3	5	14
1	4	7	10	11	13
1	2	7	8	12	14
0	3	9	12
1	4	6	7	11	12
0	3	6	12
0	7	12	13
0	2	7	11
0	5	9	10
1	1	3	6	11	14
0	2	3	7
0	10	11	12
0	5	7	12
0	2	3	6
0	4	7	8
0	5	6	10
0	4	5	13
1	1	3	7	12	14
0	2	4	7
0	9	10	14
0	9	11	13
0	4	8	11
0	7	8	11
0	10	12	14
0	3	8	14
0	8	10	13
0	3	6	9
0	3	8	9
0	2	10	13
0	4	9	10
0	5	6	11
1	3	6	7	8	13
0	2	8	9
0	11	13	14
0	7	9	10
1	3	7	8	10	12
0	3	10	13
0	2	5	14
1	2	5	8	11	12
1	2	6	8	11	14
0	1	3	4
